	Ind1	Ind2	Ind3	Ind4	Ind5	Ind6	Ind7	Ind8	Ind9	Ind10	Ind11	Ind12	Ind13	Ind14	Ind15	Ind16	Ind17	Ind18	Ind19	Ind20	Ind21	Ind22	Ind23	Ind24	Ind25	Ind26	Ind27	Ind28	Ind29	Ind30	Ind31	Ind32	Ind33	Ind34	Ind35	Ind36	Ind37	Ind38	Ind39	Ind40
miR.001	1334127	885885	1249281	1236881	1194171	829598	1144233	1487597	1211510	1132209	844185	1034868	1630219	1307522	1549799	1409229	585321	1050548	947239	1192439	1054471	1103629	1155006	1490851	1256245	1003889	725661	1031661	908305	1098585	1100886	1034237	1312398	1113885	1209677	1018450	1141820	1005712	1373428	1002691
miR.002	641975	530521	673687	558199	767059	406455	512763	733362	737601	514920	668984	620124	649142	663986	667897	583678	727474	508360	594935	658290	492178	540227	616933	545625	487446	632805	616448	624900	557472	624442	905514	614657	508431	708590	643402	578564	637441	500277	478523	406750
miR.003	467908	427802	449396	453004	469869	521869	395315	453813	496492	441653	487278	470603	416592	592588	449342	361252	714818	376356	512825	490493	472401	556122	445536	248114	437411	544054	263217	415101	629061	514097	694191	558427	500845	470594	468140	539221	530126	466389	442241	463041
miR.004	429417	946286	316346	554189	362743	397389	622615	540203	602299	725522	457498	795342	578776	448311	475243	540078	368885	553250	473136	421268	425386	415817	514219	479748	512993	593686	375500	667897	391039	419968	429374	357245	471035	566641	414450	372253	402072	330939	711582	375878
miR.005	353480	170193	308566	198619	314838	293797	214678	268139	336300	170764	252544	211006	134228	337973	267939	232801	345465	161596	293506	260825	291912	293991	273502	122606	188076	314211	137063	135763	266145	291718	277005	333764	264991	256107	284615	321243	249112	291034	206570	247665
miR.006	281258	205284	247272	245992	255758	196758	221174	270718	212583	220358	256812	283355	260878	222795	258610	274066	228284	213816	258750	222101	235428	210561	246506	248261	254155	277518	230329	236051	266207	253139	289856	249088	241377	241798	249068	281387	220618	228049	210625	224576
miR.007	259808	180171	215737	200554	232943	179480	201170	226218	213488	177299	142797	182954	179789	228630	246807	229843	179873	204921	178612	182996	230556	210891	215283	254148	191566	179993	150234	198296	169454	201386	214095	192940	201058	229570	180687	194981	220841	201869	211503	182235
miR.008	217585	116580	180053	143628	184680	184931	132757	209442	194599	113434	192432	137652	85500	238858	160925	174003	228360	64036	202719	231764	141249	196692	170160	60059	112138	199439	50114	98285	208020	195976	226428	174735	151896	152601	176460	204302	196973	195466	151618	150924
miR.009	198821	95480	209177	109208	175994	141944	92545	157789	166395	141354	179483	117970	128656	197452	136349	116637	236102	75970	139439	146190	130218	145434	129781	104415	122154	140882	103937	86848	148388	156591	217850	206518	119568	137128	173186	180396	151720	172406	116060	115942
miR.010	165169	100078	168614	139417	156056	110486	122732	146649	138308	107142	148941	141065	117406	197645	122340	100092	244695	129806	176613	131085	126477	138050	109851	85397	122816	168822	102151	117694	141522	160465	255947	200339	112258	149952	139267	166224	145017	142865	108695	129262
miR.011	142733	221115	127170	149504	167150	110396	178832	119669	108510	150292	172282	188617	283508	124003	114521	96233	139186	201019	141697	122273	157519	96654	162429	177230	149287	117529	269851	157482	157046	152463	115379	112610	135951	114963	114378	140544	121977	91779	134757	116678
miR.012	122551	110195	134994	102865	112285	88179	105321	114401	117715	108573	134599	158272	119123	170202	101276	98372	232605	94386	129589	114962	123562	108170	96775	92654	93342	133946	106354	124083	156226	135985	178034	190343	93303	111804	106559	126304	114254	103708	92613	94170
miR.013	123746	114135	109676	94085	98391	122730	116765	112797	91662	86543	85507	104514	72013	114452	106580	130299	96699	86126	140171	153537	114015	108620	116360	83206	83048	170461	85445	113878	115607	136384	99208	112095	132847	97860	126714	111033	104875	87058	136818	104590
miR.014	120026	128640	116285	79229	89405	131151	111721	138875	112147	70030	96971	100774	29288	188659	55582	114515	180603	73666	174582	102552	140235	134560	120841	37737	56089	250153	72555	95997	175249	199251	130312	185043	98815	131368	99462	116002	154164	66863	152972	142964
miR.015	29538	241186	17082	188183	78024	80220	271845	172907	183099	136786	194692	261142	92063	73262	117972	143946	18892	151769	62200	75183	131052	79537	84591	52224	92512	19989	153350	173876	31380	83119	45998	41149	26893	195880	51400	47893	137924	12614	188831	45185
miR.016	94251	145614	105659	99552	89115	83042	86125	91891	89903	90534	104114	129667	112071	132651	98370	85480	150272	96466	100536	103060	84011	86916	100128	68620	94645	114902	91089	111530	111803	108883	129873	86026	111611	116742	83070	118825	105029	108756	104508	111519
miR.017	73661	126924	117577	73946	77244	111453	74258	118699	216278	267146	97330	93047	177718	43204	53476	77649	97479	62214	105168	63358	68593	47158	61517	160748	42353	76551	157297	105559	175015	121241	135037	147646	37703	104495	135479	117675	115267	109326	87905	96561
miR.018	91310	57430	88587	77158	99997	108418	105297	109797	109398	81156	72917	72143	57872	97060	71236	59484	95084	68586	119176	79809	100025	96238	77615	57042	71626	100418	57682	71621	83995	84715	84853	97854	88297	72443	105247	86715	93924	56380	79556	82590
miR.019	106053	103667	96468	73281	82234	96058	85019	105539	98386	87897	86711	85811	61248	100390	109969	86507	91555	89355	89802	66593	89387	79028	91711	70156	82004	103996	68268	80590	71222	79947	79529	98247	96546	79457	59767	98054	84608	89697	110687	106635
miR.020	80470	77612	106288	98509	104572	63054	100131	88149	89402	84672	65694	77892	122344	73450	78272	72718	57613	82155	78047	75285	94425	90255	73036	93231	76433	71244	90285	67878	60698	70553	81328	70437	66297	82850	103173	79345	78318	77267	77043	71708
miR.021	72255	74602	89529	85122	92947	69936	67889	80424	57568	71047	90612	80759	64553	117814	69602	72135	146696	71842	97277	84619	102981	65366	73423	70016	85254	92382	58404	69421	95348	102448	131518	121933	75413	88844	58461	89981	80152	68826	70898	104427
miR.022	55558	51985	67447	79449	85937	78517	55191	55257	60514	70586	46970	46315	77598	58017	71153	70875	39106	64908	48428	66183	46662	70153	51718	72225	85740	48349	58671	50429	35477	44662	62205	51910	60790	76450	86848	48617	76164	59958	55430	78496
miR.023	72243	83886	55485	56637	68660	64185	47831	57441	62677	71118	85527	74844	56771	71179	67279	58599	82480	59826	67224	62816	55923	58968	65595	46448	52724	83382	75718	72476	92069	68058	80662	67559	69210	71384	69106	83061	93881	89275	82269	54858
miR.024	60162	33934	81009	47742	43111	79279	51455	72379	47433	34929	62887	38399	21774	63110	50942	54875	61687	19316	74432	37822	67011	37209	64623	24422	57694	63095	14176	22004	59300	65437	55133	57025	78718	41534	41935	52792	42972	56072	50843	100699
miR.025	66359	121002	43101	48251	45545	81434	65335	64542	68303	58670	83277	66511	40338	75842	60954	54875	82151	47701	64979	56762	46931	55470	88875	38522	39787	82692	67159	71920	97420	62182	78285	50531	72242	52973	29905	72306	71087	53170	63592	63024
miR.026	54589	58641	58893	39473	49625	42471	36386	45014	48415	34251	49376	50644	30408	59435	43747	48249	54225	38112	54512	47952	51978	42797	56533	28222	30293	56222	32118	34421	62924	61637	52834	55891	52170	52728	41329	57247	48047	50269	51112	50229
miR.027	60801	39227	57404	42636	41375	38951	39824	48370	42787	34519	69165	61990	42312	79361	38647	39943	115535	47548	53389	48287	53619	46495	37280	33274	36792	37519	38698	49427	45035	51583	101431	72496	36488	56311	54033	50758	44681	63913	31707	49131
miR.028	44198	67517	44786	45421	59923	35801	69832	77685	52417	47003	44419	78374	42440	36718	38457	36092	43215	63031	44932	60652	39003	63028	53878	52521	40211	31681	48748	34902	33632	36539	46303	39123	48637	43186	51008	35572	51792	32309	42460	51673
miR.029	38013	218067	5408	23253	114001	20083	105649	198502	113402	171444	28705	214711	102379	44763	18352	33608	15616	173543	35530	107242	31439	46993	165338	92129	21950	7234	35184	87372	78261	62239	62355	16915	75753	39458	45151	61440	89196	18894	32786	19093
miR.030	39723	63636	41743	41275	37788	45173	39334	41340	34319	40390	55693	52375	32722	50772	36775	41633	73241	40135	45851	34251	48880	35708	46829	35575	39793	45969	31224	47540	41839	43357	54964	41251	40209	49409	32314	46056	38569	44536	40072	55921
miR.031	44490	22768	43860	30239	45290	29565	44208	23620	33382	39229	56990	33060	23901	36197	37509	30328	21400	23265	30652	49864	36926	19567	26776	51249	32016	30758	53522	51547	39735	39978	33676	40217	43932	36001	27812	41852	31354	33445	34751	25830
miR.032	27802	58133	35990	37266	31047	35249	30592	31691	35882	69297	30913	40830	58640	27654	25812	26208	34723	41648	35142	21983	33244	27009	27366	50096	30102	32359	77409	45264	39643	35015	38394	33488	24815	41277	35012	38359	33330	35938	37107	34922
miR.033	23292	106757	31219	59852	29515	25582	66332	36083	35562	81289	21191	98860	97428	29553	29425	38143	34123	130114	36994	31224	35470	32273	42172	91024	41649	33478	91528	83559	24315	34505	29565	21676	35323	71693	27690	30617	40901	26800	63069	28462
miR.034	17103	189209	27888	37197	21689	42801	35046	36231	50575	200346	34631	60590	105924	9632	20588	36967	17493	96132	36518	16767	29539	12169	34287	211766	22514	29935	406312	129610	55885	33267	24904	30599	19370	47619	31099	38083	39677	29563	65820	49266
miR.035	33339	34911	27926	27046	30795	34689	28910	32711	31551	32663	32787	30796	23793	36495	31035	26795	40423	20577	33751	30425	34974	27953	31453	21459	25754	33119	27226	25376	38064	38355	34358	34129	27682	28416	17742	32288	26453	30932	26396	28269
miR.036	29032	58584	21637	23350	18681	25324	22748	17346	19351	32228	18721	47412	26947	22409	22057	28088	26631	28437	24068	16167	29156	15389	20774	28765	32029	29544	34688	36334	28657	20564	28649	21663	23983	27362	13528	22985	26508	27366	33536	28089
miR.037	31538	29661	23852	24366	24520	33611	23386	30726	28521	22257	25068	24748	15801	23639	28699	22712	23242	29836	27111	20674	25787	22759	36477	22251	20720	29941	23582	21842	27207	21081	25577	18397	29152	22446	22272	26105	25052	32151	26963	27135
miR.038	28578	21808	24892	20705	22868	29226	23407	25087	27797	21856	17290	20198	18583	23478	23635	21848	22774	23497	27622	19775	23013	25246	28810	20854	23280	27270	18248	18190	22314	23709	27093	24330	26099	22865	22680	23116	20011	21521	26268	21620
miR.039	23299	21316	19528	20719	18992	26155	21785	23837	23999	22564	22154	20816	19694	23972	21639	19040	23378	19288	29153	27135	21604	23103	24227	18112	18876	27770	18061	19503	26500	21117	21414	21363	24136	19675	20976	21717	19358	19624	20773	20490
miR.040	27059	18090	24071	16855	21041	28768	17773	28857	25556	14576	29225	20121	5700	40509	12068	22938	50037	9942	33526	25117	26084	27389	22324	5642	13494	41220	6435	15605	31444	38240	34817	35531	17386	25145	21574	27878	36575	19612	21304	27694
miR.041	30667	17288	19027	13463	15060	20268	27519	19902	23270	23035	18360	18074	15615	22915	20473	18214	26867	18052	27948	18363	20705	18367	21711	15485	16281	22640	19077	24869	17052	25007	19909	21839	21191	20928	18634	21050	22686	17847	23909	19924
miR.042	25147	18173	19953	17049	21046	26755	14344	23116	21022	14793	24340	17302	12708	20874	23909	18303	22740	16249	22736	17853	19895	17029	23051	13956	17152	22693	19113	13453	23770	20761	24204	18184	22470	18127	19487	21383	21813	23175	18251	23040
miR.043	18078	19275	19408	17939	17603	22671	16739	19481	13591	14372	20913	16217	10204	19294	16809	17906	24350	12452	23473	15999	22541	15311	20207	10847	19680	23141	8827	12931	21946	19963	18277	16730	25900	17897	13961	21206	17066	16252	17814	25181
miR.044	21565	14900	23538	15227	20316	20246	14521	19620	13951	13634	21633	14834	11087	23110	15070	17003	23572	16044	23419	16746	17391	16479	16635	10427	15391	17280	9234	16941	20724	16874	25646	22190	16895	15390	13030	17980	19123	20526	15208	22396
miR.045	18780	12552	20768	15978	22057	16531	13294	17336	15726	12439	15863	15477	13890	22413	15811	16716	25321	15069	16698	18727	18808	18950	15485	17249	17274	16170	12467	13056	18854	19161	22332	23369	15918	17641	18924	20803	19311	19679	14070	15713
miR.046	16978	11851	15239	22428	14177	15469	17636	18091	17005	13671	16340	13557	15887	13395	18327	17311	9114	13421	25051	18107	21034	15462	17889	16522	17999	20236	8328	13125	13275	16543	15446	11153	18221	15803	22351	13672	12972	12547	16714	17731
miR.047	21925	21898	15623	17010	16390	14039	21203	17583	23910	24323	25449	23161	38881	15286	14368	16012	14695	23049	13763	12944	15195	17479	15652	17381	13909	13416	31067	20187	18539	12977	16076	13798	12695	20912	11430	16620	18035	16315	14428	12264
miR.048	18300	14436	14507	17062	17240	18866	15035	12567	16308	16152	16987	12965	14297	10816	18670	18547	9792	19604	13227	17789	13866	20890	19474	17869	16626	9624	13508	12413	10718	9210	12835	13869	14815	16718	14227	14522	16273	17409	14130	18657
miR.049	17999	9156	19717	15792	15925	17289	17049	16534	18296	12244	12903	15640	19961	16650	16025	14796	15373	13079	13081	21429	12733	15965	14437	15193	16826	8593	9643	12953	12482	14567	16445	12288	14536	12417	17114	14271	13390	15214	16943	13396
miR.050	18114	13330	17061	12294	13554	15023	13686	15712	16466	14349	20121	17675	11020	16721	16085	14480	22110	10998	17371	19699	12370	16302	13325	9504	13060	17108	16779	18818	25933	17949	18324	15043	15372	14769	16978	17344	13224	17882	14488	11560
