IID	type	miR.001	miR.002	miR.003	miR.004	miR.005	miR.006	miR.007	miR.008	miR.009	miR.010	miR.011	miR.012	miR.013	miR.014	miR.015	miR.016	miR.017	miR.018	miR.019	miR.020	miR.021	miR.022	miR.023	miR.024	miR.025	miR.026	miR.027	miR.028	miR.029	miR.030	miR.031	miR.032	miR.033	miR.034	miR.035	miR.036	miR.037	miR.038	miR.039	miR.040	miR.041	miR.042	miR.043	miR.044	miR.045	miR.046	miR.047	miR.048	miR.049	miR.050
Ind1	NN	1334127	641975	467908	429417	353480	281258	259808	217585	198821	165169	142733	122551	123746	120026	29538	94251	73661	91310	106053	80470	72255	55558	72243	60162	66359	54589	60801	44198	38013	39723	44490	27802	23292	17103	33339	29032	31538	28578	23299	27059	30667	25147	18078	21565	18780	16978	21925	18300	17999	18114
Ind2	PP	885885	530521	427802	946286	170193	205284	180171	116580	95480	100078	221115	110195	114135	128640	241186	145614	126924	57430	103667	77612	74602	51985	83886	33934	121002	58641	39227	67517	218067	63636	22768	58133	106757	189209	34911	58584	29661	21808	21316	18090	17288	18173	19275	14900	12552	11851	21898	14436	9156	13330
Ind3	NN	1249281	673687	449396	316346	308566	247272	215737	180053	209177	168614	127170	134994	109676	116285	17082	105659	117577	88587	96468	106288	89529	67447	55485	81009	43101	58893	57404	44786	5408	41743	43860	35990	31219	27888	27926	21637	23852	24892	19528	24071	19027	19953	19408	23538	20768	15239	15623	14507	19717	17061
Ind4	NN	1236881	558199	453004	554189	198619	245992	200554	143628	109208	139417	149504	102865	94085	79229	188183	99552	73946	77158	73281	98509	85122	79449	56637	47742	48251	39473	42636	45421	23253	41275	30239	37266	59852	37197	27046	23350	24366	20705	20719	16855	13463	17049	17939	15227	15978	22428	17010	17062	15792	12294
Ind5	NN	1194171	767059	469869	362743	314838	255758	232943	184680	175994	156056	167150	112285	98391	89405	78024	89115	77244	99997	82234	104572	92947	85937	68660	43111	45545	49625	41375	59923	114001	37788	45290	31047	29515	21689	30795	18681	24520	22868	18992	21041	15060	21046	17603	20316	22057	14177	16390	17240	15925	13554
Ind6	NN	829598	406455	521869	397389	293797	196758	179480	184931	141944	110486	110396	88179	122730	131151	80220	83042	111453	108418	96058	63054	69936	78517	64185	79279	81434	42471	38951	35801	20083	45173	29565	35249	25582	42801	34689	25324	33611	29226	26155	28768	20268	26755	22671	20246	16531	15469	14039	18866	17289	15023
Ind7	NN	1144233	512763	395315	622615	214678	221174	201170	132757	92545	122732	178832	105321	116765	111721	271845	86125	74258	105297	85019	100131	67889	55191	47831	51455	65335	36386	39824	69832	105649	39334	44208	30592	66332	35046	28910	22748	23386	23407	21785	17773	27519	14344	16739	14521	13294	17636	21203	15035	17049	13686
Ind8	NN	1487597	733362	453813	540203	268139	270718	226218	209442	157789	146649	119669	114401	112797	138875	172907	91891	118699	109797	105539	88149	80424	55257	57441	72379	64542	45014	48370	77685	198502	41340	23620	31691	36083	36231	32711	17346	30726	25087	23837	28857	19902	23116	19481	19620	17336	18091	17583	12567	16534	15712
Ind9	NN	1211510	737601	496492	602299	336300	212583	213488	194599	166395	138308	108510	117715	91662	112147	183099	89903	216278	109398	98386	89402	57568	60514	62677	47433	68303	48415	42787	52417	113402	34319	33382	35882	35562	50575	31551	19351	28521	27797	23999	25556	23270	21022	13591	13951	15726	17005	23910	16308	18296	16466
Ind10	HH	1132209	514920	441653	725522	170764	220358	177299	113434	141354	107142	150292	108573	86543	70030	136786	90534	267146	81156	87897	84672	71047	70586	71118	34929	58670	34251	34519	47003	171444	40390	39229	69297	81289	200346	32663	32228	22257	21856	22564	14576	23035	14793	14372	13634	12439	13671	24323	16152	12244	14349
Ind11	HH	844185	668984	487278	457498	252544	256812	142797	192432	179483	148941	172282	134599	85507	96971	194692	104114	97330	72917	86711	65694	90612	46970	85527	62887	83277	49376	69165	44419	28705	55693	56990	30913	21191	34631	32787	18721	25068	17290	22154	29225	18360	24340	20913	21633	15863	16340	25449	16987	12903	20121
Ind12	HH	1034868	620124	470603	795342	211006	283355	182954	137652	117970	141065	188617	158272	104514	100774	261142	129667	93047	72143	85811	77892	80759	46315	74844	38399	66511	50644	61990	78374	214711	52375	33060	40830	98860	60590	30796	47412	24748	20198	20816	20121	18074	17302	16217	14834	15477	13557	23161	12965	15640	17675
Ind13	HH	1630219	649142	416592	578776	134228	260878	179789	85500	128656	117406	283508	119123	72013	29288	92063	112071	177718	57872	61248	122344	64553	77598	56771	21774	40338	30408	42312	42440	102379	32722	23901	58640	97428	105924	23793	26947	15801	18583	19694	5700	15615	12708	10204	11087	13890	15887	38881	14297	19961	11020
Ind14	HH	1307522	663986	592588	448311	337973	222795	228630	238858	197452	197645	124003	170202	114452	188659	73262	132651	43204	97060	100390	73450	117814	58017	71179	63110	75842	59435	79361	36718	44763	50772	36197	27654	29553	9632	36495	22409	23639	23478	23972	40509	22915	20874	19294	23110	22413	13395	15286	10816	16650	16721
Ind15	HH	1549799	667897	449342	475243	267939	258610	246807	160925	136349	122340	114521	101276	106580	55582	117972	98370	53476	71236	109969	78272	69602	71153	67279	50942	60954	43747	38647	38457	18352	36775	37509	25812	29425	20588	31035	22057	28699	23635	21639	12068	20473	23909	16809	15070	15811	18327	14368	18670	16025	16085
Ind16	HH	1409229	583678	361252	540078	232801	274066	229843	174003	116637	100092	96233	98372	130299	114515	143946	85480	77649	59484	86507	72718	72135	70875	58599	54875	54875	48249	39943	36092	33608	41633	30328	26208	38143	36967	26795	28088	22712	21848	19040	22938	18214	18303	17906	17003	16716	17311	16012	18547	14796	14480
Ind17	HH	585321	727474	714818	368885	345465	228284	179873	228360	236102	244695	139186	232605	96699	180603	18892	150272	97479	95084	91555	57613	146696	39106	82480	61687	82151	54225	115535	43215	15616	73241	21400	34723	34123	17493	40423	26631	23242	22774	23378	50037	26867	22740	24350	23572	25321	9114	14695	9792	15373	22110
Ind18	MM	1050548	508360	376356	553250	161596	213816	204921	64036	75970	129806	201019	94386	86126	73666	151769	96466	62214	68586	89355	82155	71842	64908	59826	19316	47701	38112	47548	63031	173543	40135	23265	41648	130114	96132	20577	28437	29836	23497	19288	9942	18052	16249	12452	16044	15069	13421	23049	19604	13079	10998
Ind19	MM	947239	594935	512825	473136	293506	258750	178612	202719	139439	176613	141697	129589	140171	174582	62200	100536	105168	119176	89802	78047	97277	48428	67224	74432	64979	54512	53389	44932	35530	45851	30652	35142	36994	36518	33751	24068	27111	27622	29153	33526	27948	22736	23473	23419	16698	25051	13763	13227	13081	17371
Ind20	MM	1192439	658290	490493	421268	260825	222101	182996	231764	146190	131085	122273	114962	153537	102552	75183	103060	63358	79809	66593	75285	84619	66183	62816	37822	56762	47952	48287	60652	107242	34251	49864	21983	31224	16767	30425	16167	20674	19775	27135	25117	18363	17853	15999	16746	18727	18107	12944	17789	21429	19699
Ind21	MM	1054471	492178	472401	425386	291912	235428	230556	141249	130218	126477	157519	123562	114015	140235	131052	84011	68593	100025	89387	94425	102981	46662	55923	67011	46931	51978	53619	39003	31439	48880	36926	33244	35470	29539	34974	29156	25787	23013	21604	26084	20705	19895	22541	17391	18808	21034	15195	13866	12733	12370
Ind22	MM	1103629	540227	556122	415817	293991	210561	210891	196692	145434	138050	96654	108170	108620	134560	79537	86916	47158	96238	79028	90255	65366	70153	58968	37209	55470	42797	46495	63028	46993	35708	19567	27009	32273	12169	27953	15389	22759	25246	23103	27389	18367	17029	15311	16479	18950	15462	17479	20890	15965	16302
Ind23	MM	1155006	616933	445536	514219	273502	246506	215283	170160	129781	109851	162429	96775	116360	120841	84591	100128	61517	77615	91711	73036	73423	51718	65595	64623	88875	56533	37280	53878	165338	46829	26776	27366	42172	34287	31453	20774	36477	28810	24227	22324	21711	23051	20207	16635	15485	17889	15652	19474	14437	13325
Ind24	MM	1490851	545625	248114	479748	122606	248261	254148	60059	104415	85397	177230	92654	83206	37737	52224	68620	160748	57042	70156	93231	70016	72225	46448	24422	38522	28222	33274	52521	92129	35575	51249	50096	91024	211766	21459	28765	22251	20854	18112	5642	15485	13956	10847	10427	17249	16522	17381	17869	15193	9504
Ind25	MM	1256245	487446	437411	512993	188076	254155	191566	112138	122154	122816	149287	93342	83048	56089	92512	94645	42353	71626	82004	76433	85254	85740	52724	57694	39787	30293	36792	40211	21950	39793	32016	30102	41649	22514	25754	32029	20720	23280	18876	13494	16281	17152	19680	15391	17274	17999	13909	16626	16826	13060
Ind26	PP	1003889	632805	544054	593686	314211	277518	179993	199439	140882	168822	117529	133946	170461	250153	19989	114902	76551	100418	103996	71244	92382	48349	83382	63095	82692	56222	37519	31681	7234	45969	30758	32359	33478	29935	33119	29544	29941	27270	27770	41220	22640	22693	23141	17280	16170	20236	13416	9624	8593	17108
Ind27	PP	725661	616448	263217	375500	137063	230329	150234	50114	103937	102151	269851	106354	85445	72555	153350	91089	157297	57682	68268	90285	58404	58671	75718	14176	67159	32118	38698	48748	35184	31224	53522	77409	91528	406312	27226	34688	23582	18248	18061	6435	19077	19113	8827	9234	12467	8328	31067	13508	9643	16779
Ind28	PP	1031661	624900	415101	667897	135763	236051	198296	98285	86848	117694	157482	124083	113878	95997	173876	111530	105559	71621	80590	67878	69421	50429	72476	22004	71920	34421	49427	34902	87372	47540	51547	45264	83559	129610	25376	36334	21842	18190	19503	15605	24869	13453	12931	16941	13056	13125	20187	12413	12953	18818
Ind29	PP	908305	557472	629061	391039	266145	266207	169454	208020	148388	141522	157046	156226	115607	175249	31380	111803	175015	83995	71222	60698	95348	35477	92069	59300	97420	62924	45035	33632	78261	41839	39735	39643	24315	55885	38064	28657	27207	22314	26500	31444	17052	23770	21946	20724	18854	13275	18539	10718	12482	25933
Ind30	PP	1098585	624442	514097	419968	291718	253139	201386	195976	156591	160465	152463	135985	136384	199251	83119	108883	121241	84715	79947	70553	102448	44662	68058	65437	62182	61637	51583	36539	62239	43357	39978	35015	34505	33267	38355	20564	21081	23709	21117	38240	25007	20761	19963	16874	19161	16543	12977	9210	14567	17949
Ind31	PP	1100886	905514	694191	429374	277005	289856	214095	226428	217850	255947	115379	178034	99208	130312	45998	129873	135037	84853	79529	81328	131518	62205	80662	55133	78285	52834	101431	46303	62355	54964	33676	38394	29565	24904	34358	28649	25577	27093	21414	34817	19909	24204	18277	25646	22332	15446	16076	12835	16445	18324
Ind32	PP	1034237	614657	558427	357245	333764	249088	192940	174735	206518	200339	112610	190343	112095	185043	41149	86026	147646	97854	98247	70437	121933	51910	67559	57025	50531	55891	72496	39123	16915	41251	40217	33488	21676	30599	34129	21663	18397	24330	21363	35531	21839	18184	16730	22190	23369	11153	13798	13869	12288	15043
Ind33	GG	1312398	508431	500845	471035	264991	241377	201058	151896	119568	112258	135951	93303	132847	98815	26893	111611	37703	88297	96546	66297	75413	60790	69210	78718	72242	52170	36488	48637	75753	40209	43932	24815	35323	19370	27682	23983	29152	26099	24136	17386	21191	22470	25900	16895	15918	18221	12695	14815	14536	15372
Ind34	GG	1113885	708590	470594	566641	256107	241798	229570	152601	137128	149952	114963	111804	97860	131368	195880	116742	104495	72443	79457	82850	88844	76450	71384	41534	52973	52728	56311	43186	39458	49409	36001	41277	71693	47619	28416	27362	22446	22865	19675	25145	20928	18127	17897	15390	17641	15803	20912	16718	12417	14769
Ind35	GG	1209677	643402	468140	414450	284615	249068	180687	176460	173186	139267	114378	106559	126714	99462	51400	83070	135479	105247	59767	103173	58461	86848	69106	41935	29905	41329	54033	51008	45151	32314	27812	35012	27690	31099	17742	13528	22272	22680	20976	21574	18634	19487	13961	13030	18924	22351	11430	14227	17114	16978
Ind36	GG	1018450	578564	539221	372253	321243	281387	194981	204302	180396	166224	140544	126304	111033	116002	47893	118825	117675	86715	98054	79345	89981	48617	83061	52792	72306	57247	50758	35572	61440	46056	41852	38359	30617	38083	32288	22985	26105	23116	21717	27878	21050	21383	21206	17980	20803	13672	16620	14522	14271	17344
Ind37	GG	1141820	637441	530126	402072	249112	220618	220841	196973	151720	145017	121977	114254	104875	154164	137924	105029	115267	93924	84608	78318	80152	76164	93881	42972	71087	48047	44681	51792	89196	38569	31354	33330	40901	39677	26453	26508	25052	20011	19358	36575	22686	21813	17066	19123	19311	12972	18035	16273	13390	13224
Ind38	GG	1005712	500277	466389	330939	291034	228049	201869	195466	172406	142865	91779	103708	87058	66863	12614	108756	109326	56380	89697	77267	68826	59958	89275	56072	53170	50269	63913	32309	18894	44536	33445	35938	26800	29563	30932	27366	32151	21521	19624	19612	17847	23175	16252	20526	19679	12547	16315	17409	15214	17882
Ind39	GG	1373428	478523	442241	711582	206570	210625	211503	151618	116060	108695	134757	92613	136818	152972	188831	104508	87905	79556	110687	77043	70898	55430	82269	50843	63592	51112	31707	42460	32786	40072	34751	37107	63069	65820	26396	33536	26963	26268	20773	21304	23909	18251	17814	15208	14070	16714	14428	14130	16943	14488
Ind40	GG	1002691	406750	463041	375878	247665	224576	182235	150924	115942	129262	116678	94170	104590	142964	45185	111519	96561	82590	106635	71708	104427	78496	54858	100699	63024	50229	49131	51673	19093	55921	25830	34922	28462	49266	28269	28089	27135	21620	20490	27694	19924	23040	25181	22396	15713	17731	12264	18657	13396	11560
